# nsigs, RF_scores, XGB_scores
1.000000000000000056e-01 8.914490731512856314e-01 8.960899607999468497e-01
1.100000000000000006e-01 8.926350408610723708e-01 8.966779615972360062e-01
1.199999999999999956e-01 8.909009368148297359e-01 8.995581688924325636e-01
1.300000000000000044e-01 8.833997741013887017e-01 8.995681350076406568e-01
1.400000000000000133e-01 8.885788319712976113e-01 9.007308484486081790e-01
1.499999999999999944e-01 8.880074413660222765e-01 8.972559962793169586e-01
1.600000000000000033e-01 8.966613514052224065e-01 9.012955949770781183e-01
1.700000000000000122e-01 8.955086040794633107e-01 9.076373662879543280e-01
1.799999999999999933e-01 8.949305693973823583e-01 8.978207428077867869e-01
1.900000000000000022e-01 8.914690053817020399e-01 9.099528270546807240e-01
2.000000000000000111e-01 8.960766726463356147e-01 9.024516643412396899e-01
2.099999999999999922e-01 8.966679954820275800e-01 9.064846189621953432e-01
2.200000000000000011e-01 8.966580293668195978e-01 9.030097667929041227e-01
2.300000000000000100e-01 8.978140987309812804e-01 9.128263902730715529e-01
2.399999999999999911e-01 8.976878612716763239e-01 9.063583815028902757e-01
2.500000000000000000e-01 9.005780346820808635e-01 9.069364161849711170e-01
2.600000000000000089e-01 8.994219653179189589e-01 9.080924855491329106e-01
2.700000000000000178e-01 9.046242774566473077e-01 9.092485549132949263e-01
2.800000000000000266e-01 9.052023121387284821e-01 9.144508670520231641e-01
2.899999999999999800e-01 9.052023121387282600e-01 9.156069364161849577e-01
2.999999999999999889e-01 9.040462427745665774e-01 9.196531791907516240e-01
3.099999999999999978e-01 9.028901734104046728e-01 9.219653179190752113e-01
3.200000000000000067e-01 9.086705202312138629e-01 9.219653179190752113e-01
3.300000000000000155e-01 9.121387283236994659e-01 9.190751445086704496e-01
3.400000000000000244e-01 9.109826589595375612e-01 9.184971098265897194e-01
3.499999999999999778e-01 9.080924855491329106e-01 9.173410404624278147e-01
3.599999999999999867e-01 9.115606936416185135e-01 9.179190751445087670e-01
3.699999999999999956e-01 9.121387283236994659e-01 9.196531791907516240e-01
3.800000000000000044e-01 9.109826589595375612e-01 9.208092485549131956e-01
3.900000000000000133e-01 9.144508670520231641e-01 9.161849710982657990e-01
4.000000000000000222e-01 9.144508670520231641e-01 9.161849710982657990e-01
4.099999999999999756e-01 9.085697002285254564e-01 9.218644979163868047e-01
4.199999999999999845e-01 9.102903616077430149e-01 9.189776851727383677e-01
4.299999999999999933e-01 9.074035488640944669e-01 9.172301384594703233e-01
4.400000000000000022e-01 9.097022449253933107e-01 9.143164403817717334e-01
4.500000000000000111e-01 9.079748622126629920e-01 9.189608818389567446e-01
4.600000000000000200e-01 9.050746068019895896e-01 9.137652910337410450e-01
4.699999999999999734e-01 9.056761661513645922e-01 9.102903616077430149e-01
4.799999999999999822e-01 9.102970829412557752e-01 9.114531523054173467e-01
4.899999999999999911e-01 9.062273154993951696e-01 9.039353407716090860e-01
5.000000000000000000e-01 9.045200967872025766e-01 9.045167361204464740e-01
5.100000000000000089e-01 9.045200967872025766e-01 9.143567683828471848e-01
5.200000000000000178e-01 9.085697002285254564e-01 9.189810458394944703e-01
5.300000000000000266e-01 9.120278263207419744e-01 9.125991396693103885e-01
5.400000000000000355e-01 9.114531523054173467e-01 9.120244656539858719e-01
5.500000000000000444e-01 9.090401935744051309e-01 9.125252050006722460e-01
5.600000000000000533e-01 9.096215889232424079e-01 9.200598198682617967e-01
5.699999999999999512e-01 9.079042882107810630e-01 9.090368329076488063e-01
5.799999999999999600e-01 9.107944616211854916e-01 9.090435542411613445e-01
5.899999999999999689e-01 9.113657749697539057e-01 9.142626697136710945e-01
5.999999999999999778e-01 9.078841242102433373e-01 9.107742976206478769e-01
6.099999999999999867e-01 9.089763409060358512e-01 9.106936416184969740e-01
6.199999999999999956e-01 9.054846081462561980e-01 9.136107003629521106e-01
6.300000000000000044e-01 9.095442935878477186e-01 9.176502218040060166e-01
6.400000000000000133e-01 9.060693641618497995e-01 9.072220728592552685e-01
6.500000000000000222e-01 9.014081193708832762e-01 9.124311063314960446e-01
6.600000000000000311e-01 9.012602500336066580e-01 9.099710982658960612e-01
6.700000000000000400e-01 9.029909934130930793e-01 9.122966796612448359e-01
6.800000000000000488e-01 9.035589460949051688e-01 9.140375050410002311e-01
6.899999999999999467e-01 8.988372093023256904e-01 9.168604651162791663e-01
6.999999999999999556e-01 9.005813953488372992e-01 9.215116279069768268e-01
7.099999999999999645e-01 8.994186046511627453e-01 9.174418604651164433e-01
7.199999999999999734e-01 9.050897592819258097e-01 9.132292941656465768e-01
7.299999999999999822e-01 9.010097919216647488e-01 9.074119407044743957e-01
7.399999999999999911e-01 8.992826057391539729e-01 9.085713314293485388e-01
7.500000000000000000e-01 9.027539779681763576e-01 9.143920848633211307e-01
7.600000000000000089e-01 8.980960152318783196e-01 9.074289405684755616e-01
7.700000000000000178e-01 8.957670338637291341e-01 9.039167686658506895e-01
7.800000000000000266e-01 8.963382292941656226e-01 9.056677546579627869e-01
7.900000000000000355e-01 8.852781177750579378e-01 9.056677546579627869e-01
8.000000000000000444e-01 8.922480620155038844e-01 9.009995920032638494e-01
8.100000000000000533e-01 8.963382292941656226e-01 9.050727594179246438e-01
8.199999999999999512e-01 8.864273085815312925e-01 9.004215966272269833e-01
8.299999999999999600e-01 8.858459132326940155e-01 8.957636338909287232e-01
8.399999999999999689e-01 8.932102543179654131e-01 8.978954168366651833e-01
8.499999999999999778e-01 8.850367197062422031e-01 8.938120495036038227e-01
8.599999999999999867e-01 8.883856929144566816e-01 8.948388412892696042e-01
8.699999999999999956e-01 8.881011351909184892e-01 8.963192294461643783e-01
8.800000000000000044e-01 8.920055039559684484e-01 9.014172686618507901e-01
8.900000000000000133e-01 8.884864121087032718e-01 8.973065015479877449e-01
9.000000000000000222e-01 8.878809769521843753e-01 8.931854145166839842e-01
9.100000000000000311e-01 8.870588235294117885e-01 9.052941176470590268e-01
9.200000000000000400e-01 8.909780717020534535e-01 8.980508179603201580e-01
9.300000000000000488e-01 8.897981204316046666e-01 8.998294465715279689e-01
9.399999999999999467e-01 8.856561085972849412e-01 9.015906717716672958e-01
9.499999999999999556e-01 8.943021232161504352e-01 9.037521754263835305e-01
9.599999999999999645e-01 8.925269752871564100e-01 9.013922728854856237e-01
9.699999999999999734e-01 8.931117298990601805e-01 9.102436477549600280e-01
9.799999999999999822e-01 8.884058475461189541e-01 9.061155586494953340e-01
9.899999999999999911e-01 8.984406543682561530e-01 9.031778628611206727e-01
1.000000000000000000e+00 8.932833192448577098e-01 9.039835164835163805e-01
1.010000000000000009e+00 8.897224570301494051e-01 9.016166525781909025e-01
1.020000000000000018e+00 8.944667511975203933e-01 9.004226542688081869e-01
1.030000000000000027e+00 8.965271907579600574e-01 9.054522400676245919e-01
1.040000000000000036e+00 8.890682919874537404e-01 9.022169945822640091e-01
1.050000000000000044e+00 8.870473339036213378e-01 8.983996293128029276e-01
1.060000000000000053e+00 8.886227544910179077e-01 9.005988023952096189e-01
1.070000000000000062e+00 8.913967246230430908e-01 8.986184257990045277e-01
1.080000000000000071e+00 8.923418223793377901e-01 8.947983550970348698e-01
1.090000000000000080e+00 8.833525719645047847e-01 8.971863501911837568e-01
1.100000000000000089e+00 8.897590361445782969e-01 8.975903614457830804e-01
1.110000000000000098e+00 8.837604965315810635e-01 8.946367287331143947e-01
1.120000000000000107e+00 8.885870755750273631e-01 8.982840452719971225e-01
1.129999999999999893e+00 8.872727272727273240e-01 8.945454545454545325e-01
1.139999999999999902e+00 8.870399113082040321e-01 9.016518847006651516e-01
1.149999999999999911e+00 8.892017738359202506e-01 9.007982261640800070e-01
1.159999999999999920e+00 8.859756097560975707e-01 8.981707317073169827e-01
1.169999999999999929e+00 8.794815202753254457e-01 9.021472392638036908e-01
1.179999999999999938e+00 8.853920395032170987e-01 8.970484812210084424e-01
1.189999999999999947e+00 8.844315685828979534e-01 8.979701582973567131e-01
1.199999999999999956e+00 8.791411042944783372e-01 8.902446413693858585e-01
1.209999999999999964e+00 8.800015336247219988e-01 8.911624875392991640e-01
1.219999999999999973e+00 8.879035350049843123e-01 8.965915190552872227e-01
1.229999999999999982e+00 8.846024077908134498e-01 8.939038417299288719e-01
1.239999999999999991e+00 8.894409937888199114e-01 9.000000000000001332e-01
1.250000000000000000e+00 8.848835403726708071e-01 8.923524844720496230e-01
1.260000000000000009e+00 8.807647515527949889e-01 8.951319875776396762e-01
1.270000000000000018e+00 8.832036163522012373e-01 8.907743710691823358e-01
1.280000000000000027e+00 8.863904147758935315e-01 8.945903988535943707e-01
1.290000000000000036e+00 8.759493670886076000e-01 8.924050632911392222e-01
1.300000000000000044e+00 8.856970087881965714e-01 8.945698621301299003e-01
1.310000000000000053e+00 8.859872611464968406e-01 8.942675159235669025e-01
1.320000000000000062e+00 8.761922260329904066e-01 9.017270945614894728e-01
1.330000000000000071e+00 8.883227176220807042e-01 8.953331700146985872e-01
1.340000000000000080e+00 8.817368936795688672e-01 8.951698513800426804e-01
1.350000000000000089e+00 8.815368283521148873e-01 9.046015025314387836e-01
1.360000000000000098e+00 8.837593052109180558e-01 8.966253101736972875e-01
1.370000000000000107e+00 8.795740281224151413e-01 8.963151364764266882e-01
1.379999999999999893e+00 8.784792626728110676e-01 8.972350230414745109e-01
1.389999999999999902e+00 8.800167574361121847e-01 8.942857142857143504e-01
1.399999999999999911e+00 8.857142857142857872e-01 8.928571428571429047e-01
1.409999999999999920e+00 8.779263220439690318e-01 8.864272981920041650e-01
1.419999999999999929e+00 8.823830409356725468e-01 8.902777777777777235e-01
1.429999999999999938e+00 8.771871732310909664e-01 8.930550714534681855e-01
1.439999999999999947e+00 8.816865342163355823e-01 8.856821192052979352e-01
1.449999999999999956e+00 8.775673289183222314e-01 8.988785871964681817e-01
1.459999999999999964e+00 8.793333333333333002e-01 8.973333333333333162e-01
1.469999999999999973e+00 8.800313199105145312e-01 8.887382550335571896e-01
1.479999999999999982e+00 8.780745510611283056e-01 8.949210955922364263e-01
1.489999999999999991e+00 8.750000000000000000e-01 8.939189189189189477e-01
1.500000000000000000e+00 8.829931972789115679e-01 8.918367346938774753e-01
